              precision    recall  f1-score   support

    airplane     0.8093    0.8530    0.8306      1000
  automobile     0.8929    0.8750    0.8838      1000
        bird     0.7399    0.7310    0.7354      1000
         cat     0.6230    0.6080    0.6154      1000
        deer     0.7796    0.7890    0.7843      1000
         dog     0.6827    0.6970    0.6898      1000
        frog     0.8529    0.8520    0.8524      1000
       horse     0.8405    0.8060    0.8229      1000
        ship     0.8828    0.8810    0.8819      1000
       truck     0.8509    0.8620    0.8564      1000

    accuracy                         0.7954     10000
   macro avg     0.7954    0.7954    0.7953     10000
weighted avg     0.7954    0.7954    0.7953     10000
