              precision    recall  f1-score   support

    airplane     0.8199    0.8010    0.8103      1000
  automobile     0.8953    0.9150    0.9050      1000
        bird     0.7178    0.7020    0.7098      1000
         cat     0.6757    0.5730    0.6201      1000
        deer     0.7549    0.8070    0.7801      1000
         dog     0.6726    0.7540    0.7110      1000
        frog     0.8040    0.8860    0.8430      1000
       horse     0.8735    0.7800    0.8241      1000
        ship     0.8707    0.9020    0.8861      1000
       truck     0.9036    0.8620    0.8823      1000

    accuracy                         0.7982     10000
   macro avg     0.7988    0.7982    0.7972     10000
weighted avg     0.7988    0.7982    0.7972     10000
