              precision    recall  f1-score   support

    airplane     0.8402    0.8570    0.8485      1000
  automobile     0.8955    0.9340    0.9143      1000
        bird     0.7941    0.7560    0.7746      1000
         cat     0.6958    0.6610    0.6779      1000
        deer     0.8163    0.8090    0.8127      1000
         dog     0.7468    0.7580    0.7524      1000
        frog     0.8567    0.8790    0.8677      1000
       horse     0.8635    0.8480    0.8557      1000
        ship     0.8985    0.9030    0.9007      1000
       truck     0.8839    0.8980    0.8909      1000

    accuracy                         0.8303     10000
   macro avg     0.8291    0.8303    0.8295     10000
weighted avg     0.8291    0.8303    0.8295     10000
